      11       10 1  
       3       31 1  
       3       27 1  
      13        1 1  
      13       16 1  
       5       12 1  
      10       11 1  
      10        6 1  
      10       17 1  
      23       26 1  
      23       30 1  
       4       18 1  
       4       19 1  
      32        1 1  
      29       24 1  
      29       19 1  
      21       16 1  
      21       26 1  
      30       23 1  
      16       21 1  
      16       26 1  
      16       13 1  
      14       22 1  
      14        9 1  
      14        2 1  
       1       32 1  
      19        4 1  
      31        3 1  
      31       27 1  
      31       30 1  
       8       11 1  
      27       20 1  
      27       12 1  
      27        5 1  
      26       23 1  
      26       30 1  
      26       16 1  
      17       10 1  
      17        8 1  
      17        7 1  
      12        5 1  
      24       18 1  
       2       32 1  
       2        1 1  
       2       28 1  
       6       10 1  
       6       11 1  
      15       13 1  
      25       11 1  
      25       27 1  
      25       14 1  
       7       11 1  
       7       10 1  
       7        8 1  
      18       24 1  
      18        4 1  
      28        2 1  
      28       15 1  
       9       22 1  
       9       14 1  
      22        9 1  
      22       14 1  
      22       12 1  
      20       26 1  
      20       30 1  