*Vertices      32
       1 "z19"                                    0.5637    0.4883    0.5000 ellipse
       2 "m28"                                    0.5806    0.2799    0.5000 box
       3 "z3"                                     0.1647    0.2203    0.5000 ellipse
       4 "z10"                                    0.5727    0.9333    0.5000
       5 "z7"                                     0.2926    0.1669    0.5000
       6 "z30"                                    0.1414    0.1521    0.5000
       7 "m34"                                    0.2314    0.1808    0.5000 box
       8 "z22"                                    0.3921    0.2848    0.5000 ellipse
       9 "z38"                                    0.1063    0.5344    0.5000
      10 "z8"                                     0.4531    0.5586    0.5000
      11 "z2"                                     0.2463    0.4986    0.5000
      12 "z26"                                    0.0511    0.2257    0.5000
      13 "z4"                                     0.6027    0.4537    0.5000
      14 "m18"                                    0.4458    0.4045    0.5000 box
      15 "z31"                                    0.3341    0.5547    0.5000 ellipse
      16 "z16"                                    0.5896    0.1272    0.5000
      17 "m25"                                    0.1886    0.3979    0.5000 box
      18 "z35"                                    0.5141    0.6682    0.5000 ellipse
      19 "z20"                                    0.5011    0.7242    0.5000
      20 "m41"                                    0.2855    0.3265    0.5000 box
      21 "m14"                                    0.3606    0.0801    0.5000
      22 "z40"                                    0.0959    0.3132    0.5000 ellipse
      23 "m9"                                     0.6128    0.1823    0.5000 box
      24 "z27"                                    0.3432    0.9524    0.5000 ellipse
      25 "m32"                                    0.2409    0.3694    0.5000 box
      26 "m24"                                    0.4261    0.0476    0.5000
      27 "z23"                                    0.2068    0.4920    0.5000 ellipse
      28 "z37"                                    0.6741    0.5155    0.5000
      29 "z12"                                    0.2679    0.7110    0.5000
      30 "m15"                                    0.4419    0.3332    0.5000 box
      31 "z21"                                    0.4918    0.4611    0.5000 ellipse
      32 "z11"                                    0.6719    0.3092    0.5000
*Arcs
      11        8 1   
      11       10 1   
      11        7 1   
      11       17 1   
      11        6 1   
      11       18 1   
      11        5 1   
      11        1 1   
      11       12 1   
       3       31 1   
       3       27 1   
       3       30 1   
       3        5 1   
       3       12 1   
      13       32 1   
      13       16 1   
      13        1 1   
      13       31 1   
      13       27 1   
      13        2 1   
      13       28 1   
       5       27 1   
       5        6 1   
       5       11 1   
       5        3 1   
       5       20 1   
       5       12 1   
      10        6 1   
      10       17 1   
      10       11 1   
      23       26 1   
      23       30 1   
      23        3 1   
      23       21 1   
       4       18 1   
       4       19 1   
       4       24 1   
      32        1 1   
      32       13 1   
      32        2 1   
      32       28 1   
      29       19 1   
      29       24 1   
      29       18 1   
      29       13 1   
      21       16 1   
      21       26 1   
      21       30 1   
      21       23 1   
      30       11 1   
      30        3 1   
      30       13 1   
      30       23 1   
      30       32 1   
      30       16 1   
      30       14 1   
      30        1 1   
      30       19 1   
      30       31 1   
      30        8 1   
      30       27 1   
      30       26 1   
      30       12 1   
      30        2 1   
      30        6 1   
      30       28 1   
      30       20 1   
      14       22 1   
      14        9 1   
      14        1 1   
      14       32 1   
      14       28 1   
      14        2 1   
      14       20 1   
      16       21 1   
      16       26 1   
      16       13 1   
       1       32 1   
       1       13 1   
       1       14 1   
       1       28 1   
      31        3 1   
      31       27 1   
      31        1 1   
      31       14 1   
      31       30 1   
      31       23 1   
      31       13 1   
      31        2 1   
       8       11 1   
       8        3 1   
       8       13 1   
       8       32 1   
       8       21 1   
       8       30 1   
       8       16 1   
       8        1 1   
       8       26 1   
       8       17 1   
       8        2 1   
       8        6 1   
       8       15 1   
       8        7 1   
       8       18 1   
       8       20 1   
      27       20 1   
      27       31 1   
      27        3 1   
      27       12 1   
      27        5 1   
      26       23 1   
      26       30 1   
      26       16 1   
      26       21 1   
      26       12 1   
      17       10 1   
      17        7 1   
      17       11 1   
      17        8 1   
      17       29 1   
      17       21 1   
      17        1 1   
      17       12 1   
      17        5 1   
      17        6 1   
      12        5 1   
      12       27 1   
      12       20 1   
      24       18 1   
      24        4 1   
      24       29 1   
       2       13 1   
       2       32 1   
       2        1 1   
       2       31 1   
       2       15 1   
       2       28 1   
       2       14 1   
       2       21 1   
       6       10 1   
       6       17 1   
       6        7 1   
       6       12 1   
       6        5 1   
       6       21 1   
      15       13 1   
      15        1 1   
      15       27 1   
      15       18 1   
      15       28 1   
      15       22 1   
      15       20 1   
      25       11 1   
      25       27 1   
      25       14 1   
       7       11 1   
       7       17 1   
       7       10 1   
       7        8 1   
       7       30 1   
       7       14 1   
      18       24 1   
      18        4 1   
      18       11 1   
      18       19 1   
      28        2 1   
      28        1 1   
      28       32 1   
       9       22 1   
       9       14 1   
       9       12 1   
       9       27 1   
       9       17 1   
       9       20 1   
       9       30 1   
      22        9 1   
      22       14 1   
      22       20 1   
      22       12 1   
      22       27 1   
      22       31 1   
      20       22 1   
      20        5 1   
      20       14 1   
      20       27 1   
      20        2 1   
      20       32 1   
      20        3 1   
      20       12 1   
      20       15 1   
      20        7 1   
*Edges
