*Vertices      32
       1 "z19"                                    0.5552    0.4328    0.5000 ellipse
       2 "m28"                                    0.4556    0.5386    0.5000 box
       3 "z3"                                     0.3171    0.3033    0.5000 ellipse
       4 "z10"                                    0.4773    0.9543    0.5000
       5 "z7"                                     0.4674    0.4573    0.5000
       6 "z30"                                    0.7291    0.5082    0.5000
       7 "m34"                                    0.9075    0.6708    0.5000 box
       8 "z22"                                    0.6350    0.8064    0.5000 ellipse
       9 "z38"                                    0.5903    0.2377    0.5000
      10 "z8"                                     0.8980    0.5543    0.5000
      11 "z2"                                     0.7219    0.6521    0.5000
      12 "z26"                                    0.5590    0.3280    0.5000
      13 "z4"                                     0.3565    0.5659    0.5000
      14 "m18"                                    0.4314    0.3048    0.5000 box
      15 "z31"                                    0.3766    0.6691    0.5000 ellipse
      16 "z16"                                    0.2225    0.5215    0.5000
      17 "m25"                                    0.8077    0.4414    0.5000 box
      18 "z35"                                    0.4857    0.7431    0.5000 ellipse
      19 "z20"                                    0.2729    0.8501    0.5000
      20 "m41"                                    0.3275    0.1936    0.5000 box
      21 "m14"                                    0.0457    0.3640    0.5000
      22 "z40"                                    0.4785    0.1999    0.5000 ellipse
      23 "m9"                                     0.1153    0.6584    0.5000 box
      24 "z27"                                    0.3719    0.9200    0.5000 ellipse
      25 "m32"                                    0.6556    0.3824    0.5000 box
      26 "m24"                                    0.0474    0.5096    0.5000
      27 "z23"                                    0.3897    0.3684    0.5000 ellipse
      28 "z37"                                    0.5646    0.5508    0.5000
      29 "z12"                                    0.2756    0.7505    0.5000
      30 "m15"                                    0.1934    0.3727    0.5000 box
      31 "z21"                                    0.2512    0.4658    0.5000 ellipse
      32 "z11"                                    0.5578    0.6650    0.5000
*Arcs
      13       27 1    
      13        2 1    
      13       28 1    
       5        9 1    
       5       22 1    
       5       18 1    
       5       16 1    
       5       27 1    
      10        7 1    
       4       18 1    
      32       28 1    
      32       13 1    
      29       13 1    
      29       23 1    
      30        3 1    
      30       21 1    
      30       16 1    
      30       14 1    
      30       27 1    
      30       20 1    
      14        1 1    
       1       28 1    
      19       29 1    
      19       18 1    
      19       23 1    
      31       15 1    
       8       15 1    
      27       20 1    
      26       30 1    
      12       27 1    
      12       28 1    
      12       20 1    
      24        4 1    
      24       29 1    
       2       15 1    
       6       11 1    
       6       17 1    
      15       16 1    
      25       11 1    
      25       27 1    
      25       14 1    
       7       11 1    
      18       11 1    
      18       29 1    
       9        1 1    
      22       20 1    
      22       27 1    
      11       10 1    
      11        8 1    
      11       17 1    
       3       31 1    
       3       27 1    
       3        5 1    
      13       16 1    
      13        1 1    
      13       31 1    
       5       12 1    
      10       17 1    
      23       30 1    
       4       19 1    
      32        1 1    
      21       16 1    
      30       31 1    
      16       26 1    
      14        9 1    
      14        2 1    
       1        2 1    
      31       27 1    
      23       26 1    
      21       26 1    
      17       12 1    
       3       12 1    
      32        2 1    
      10        6 1    
       5        6 1    
      13       15 1    
      17        7 1    
      24       18 1    
       2       28 1    
      15       28 1    
       9       22 1    
      14       22 1    
      12       22 1    
      10       11 1    
       8       11 1    
      17       11 1    
      31        3 1    
      27        3 1    
       5        3 1    
      16       13 1    
       1       13 1    
      31       13 1    
      12        5 1    
      17       10 1    
      30       23 1    
      19        4 1    
       1       32 1    
      16       21 1    
      31       30 1    
      26       16 1    
       9       14 1    
       2       14 1    
       2        1 1    
      27       31 1    
      26       23 1    
      26       21 1    
      12       17 1    
      12        3 1    
       2       32 1    
       6       10 1    
       6        5 1    
      15       13 1    
       7       17 1    
      18       24 1    
      28        2 1    
      28       15 1    
      22        9 1    
      22       14 1    
      22       12 1    
*Edges
