*Vertices      32
       1 "z19"                                    0.5502    0.4996    0.5000 ellipse
       2 "m28"                                    0.6112    0.3769    0.5000 box
       3 "z3"                                     0.9478    0.4617    0.5000 ellipse
       4 "z10"                                    0.5448    0.2326    0.5000
       5 "z7"                                     0.8736    0.7620    0.5000
       6 "z30"                                    0.2976    0.2811    0.5000
       7 "m34"                                    0.5420    0.1286    0.5000 box
       8 "z22"                                    0.4690    0.1066    0.5000 ellipse
       9 "z38"                                    0.7210    0.6910    0.5000
      10 "z8"                                     0.4428    0.2138    0.5000
      11 "z2"                                     0.5849    0.2688    0.5000
      12 "z26"                                    0.8055    0.8935    0.5000
      13 "z4"                                     0.4397    0.4717    0.5000
      14 "m18"                                    0.6503    0.5523    0.5000 box
      15 "z31"                                    0.4460    0.3404    0.5000 ellipse
      16 "z16"                                    0.3221    0.4996    0.5000
      17 "m25"                                    0.4775    0.0522    0.5000 box
      18 "z35"                                    0.6588    0.2060    0.5000 ellipse
      19 "z20"                                    0.4822    0.3615    0.5000
      20 "m41"                                    0.8326    0.6250    0.5000 box
      21 "m14"                                    0.2300    0.4014    0.5000
      22 "z40"                                    0.6831    0.6601    0.5000 ellipse
      23 "m9"                                     0.1103    0.5939    0.5000 box
      24 "z27"                                    0.7494    0.1305    0.5000 ellipse
      25 "m32"                                    0.7028    0.3958    0.5000 box
      26 "m24"                                    0.2319    0.5397    0.5000
      27 "z23"                                    0.8366    0.4681    0.5000 ellipse
      28 "z37"                                    0.6044    0.2659    0.5000
      29 "z12"                                    0.8108    0.3974    0.5000
      30 "m15"                                    0.1086    0.4472    0.5000 box
      31 "z21"                                    0.9395    0.3809    0.5000 ellipse
      32 "z11"                                    0.6319    0.4854    0.5000
*Arcs
      11        8 1  
      11       10 1  
       3       31 1  
       3       27 1  
      13        1 1  
       5       20 1  
       5       12 1  
       1       32 1  
       1       13 1  
      30       23 1  
      30       21 1  
      16       21 1  
      16       26 1  
      16       13 1  
      14       22 1  
      14        9 1  
      14        1 1  
      32        1 1  
      21       16 1  
      21       26 1  
      10       17 1  
      10        6 1  
      10       11 1  
      23       26 1  
       4       18 1  
       4       19 1  
      17        7 1  
      12        5 1  
      24       18 1  
      31        3 1  
      31       27 1  
       8       11 1  
      27       20 1  
      27        3 1  
      27       31 1  
       7       11 1  
       7       10 1  
       7        8 1  
       9       22 1  
       9       14 1  
      22        9 1  
      22       14 1  
      20       22 1  
      20        5 1  
      18       24 1  
      28        2 1  
      28       15 1  
       2       28 1  
       2        1 1  
       2       32 1  
       6       10 1  
       6       21 1  
      15       13 1  
      25       11 1  
      25       27 1  
      25       14 1  
      26       23 1  
      26       21 1  
*Edges
