      11        8 1     
      11       10 1     
      11        7 1     
      11       17 1     
       3       31 1     
       3       27 1     
       3       13 1     
       3       23 1     
       3       30 1     
       3       26 1     
       3        2 1     
       3       15 1     
       3        5 1     
       3       12 1     
      13       32 1     
      13       16 1     
      13        1 1     
      13       15 1     
      13       28 1     
      13        2 1     
       5       16 1     
       5       21 1     
       5        6 1     
       5       11 1     
       5       10 1     
       5       27 1     
       5        3 1     
       5       12 1     
       5       20 1     
      10       11 1     
      10        8 1     
      10       17 1     
      10        6 1     
      10        7 1     
      23        3 1     
      23       29 1     
      23       21 1     
      23       30 1     
      23       19 1     
      23       26 1     
      23       12 1     
      23       16 1     
       4       18 1     
       4       24 1     
       4       19 1     
       4       27 1     
       4       27 1     
      32       13 1     
      32        1 1     
      32        2 1     
      32       28 1     
      32       21 1     
      32       16 1     
      29       16 1     
      29       13 1     
      29       23 1     
      21        6 1     
      21       23 1     
      21       30 1     
      21       16 1     
      21        7 1     
      30       11 1     
      30        3 1     
      30       13 1     
      30       23 1     
      30        4 1     
      30       32 1     
      30       21 1     
      30       16 1     
      30       14 1     
      30       19 1     
      30       27 1     
      30       31 1     
      30        2 1     
      30        6 1     
      30       28 1     
      16       21 1     
      16       26 1     
      16       23 1     
      16       13 1     
      16       30 1     
      16        3 1     
      16        1 1     
      16       32 1     
      14       22 1     
      14        9 1     
      14       28 1     
      14        7 1     
      14        2 1     
      14        1 1     
      14       12 1     
      14       31 1     
       1       13 1     
       1        3 1     
       1       32 1     
       1       21 1     
       1       16 1     
       1       14 1     
       1       11 1     
       1       31 1     
       1       27 1     
       1       17 1     
       1       12 1     
       1        2 1     
       1       15 1     
       1       28 1     
      31        3 1     
      31       13 1     
      31       30 1     
      31       14 1     
      31       27 1     
      31       12 1     
      31        2 1     
      31       15 1     
      31       20 1     
       8       11 1     
       8       15 1     
       8       17 1     
       8       10 1     
       8       26 1     
      20        3 1     
      20       15 1     
      20        5 1     
      20       31 1     
      20       12 1     
      20       22 1     
      20       23 1     
      20       16 1     
      20       14 1     
      26       23 1     
      26       21 1     
      26       30 1     
      26       16 1     
      26       28 1     
      12       28 1     
      12       26 1     
      12        9 1     
      12       22 1     
      12       16 1     
      12        5 1     
      12       20 1     
      12       27 1     
      17       11 1     
      17       10 1     
      17        7 1     
      17        8 1     
      17       29 1     
      17       21 1     
      17       30 1     
      17       16 1     
      17        1 1     
      17        6 1     
      17       12 1     
      17        5 1     
      17       20 1     
      24       18 1     
       2       32 1     
       2        1 1     
       2       28 1     
       2       15 1     
       2       16 1     
       2       14 1     
       6       11 1     
       6        5 1     
       6       10 1     
       6       21 1     
       6       30 1     
       6       16 1     
       6       17 1     
       6       12 1     
       6        7 1     
       6        8 1     
      15       10 1     
      15       13 1     
      15       32 1     
      15       21 1     
      15       16 1     
      15       14 1     
      15        1 1     
      15        2 1     
      15       18 1     
      15       28 1     
      15       20 1     
      25       11 1     
      25       27 1     
      25       14 1     
       7       17 1     
       7       11 1     
      18       24 1     
      18        4 1     
      18       11 1     
      18       19 1     
      28        2 1     
      28       23 1     
      28       16 1     
      28       32 1     
      28        1 1     
       9       22 1     
       9       14 1     
       9       12 1     
       9       20 1     
       9       31 1     
       9       15 1     
       9       30 1     
       9       26 1     
       9       14 1     
       9       27 1     
       9       20 1     
       9       31 1     
       9       30 1     
       9       26 1     
      20        5 1     
      20       23 1     
      20        1 1     
      20       31 1     
      20       27 1     
      20        2 1     
      20        6 1     
      20       22 1     
      20       12 1     