      13       27 1    
      13        2 1    
      13       28 1    
       5        9 1    
       5       22 1    
       5       18 1    
       5       16 1    
       5       27 1    
      10        7 1    
       4       18 1    
      32       28 1    
      32       13 1    
      29       13 1    
      29       23 1    
      30        3 1    
      30       21 1    
      30       16 1    
      30       14 1    
      30       27 1    
      30       20 1    
      14        1 1    
       1       28 1    
      19       29 1    
      19       18 1    
      19       23 1    
      31       15 1    
       8       15 1    
      27       20 1    
      26       30 1    
      12       27 1    
      12       28 1    
      12       20 1    
      24        4 1    
      24       29 1    
       2       15 1    
       6       11 1    
       6       17 1    
      15       16 1    
      25       11 1    
      25       27 1    
      25       14 1    
       7       11 1    
      18       11 1    
      18       29 1    
       9        1 1    
      22       20 1    
      22       27 1    
      11       10 1    
      11        8 1    
      11       17 1    
       3       31 1    
       3       27 1    
       3        5 1    
      13       16 1    
      13        1 1    
      13       31 1    
       5       12 1    
      10       17 1    
      23       30 1    
       4       19 1    
      32        1 1    
      21       16 1    
      30       31 1    
      16       26 1    
      14        9 1    
      14        2 1    
       1        2 1    
      31       27 1    
      23       26 1    
      21       26 1    
      17       12 1    
       3       12 1    
      32        2 1    
      10        6 1    
       5        6 1    
      13       15 1    
      17        7 1    
      24       18 1    
       2       28 1    
      15       28 1    
       9       22 1    
      14       22 1    
      12       22 1    
      10       11 1    
       8       11 1    
      17       11 1    
      31        3 1    
      27        3 1    
       5        3 1    
      16       13 1    
       1       13 1    
      31       13 1    
      12        5 1    
      17       10 1    
      30       23 1    
      19        4 1    
       1       32 1    
      16       21 1    
      31       30 1    
      26       16 1    
       9       14 1    
       2       14 1    
       2        1 1    
      27       31 1    
      26       23 1    
      26       21 1    
      12       17 1    
      12        3 1    
       2       32 1    
       6       10 1    
       6        5 1    
      15       13 1    
       7       17 1    
      18       24 1    
      28        2 1    
      28       15 1    
      22        9 1    
      22       14 1    
      22       12 1    