      11        1 1    
      11        3 1    
      11       18 1    
       3       16 1    
      13       27 1    
      13       28 1    
       5       11 1    
       5       16 1    
       5       27 1    
       5       20 1    
       5       22 1    
       5       28 1    
      23       21 1    
      23       27 1    
      23       31 1    
       4       27 1    
       4       15 1    
      32       13 1    
      32       21 1    
      32       16 1    
      32       15 1    
      29       23 1    
      29       16 1    
      29       27 1    
      29       15 1    
      29       18 1    
      29       28 1    
      21       13 1    
      21        2 1    
      21       28 1    
      30        3 1    
      30       13 1    
      30       32 1    
      30       21 1    
      30       16 1    
      30       14 1    
      30        1 1    
      30       31 1    
      30        8 1    
      30       27 1    
      30       12 1    
      30        2 1    
      30       15 1    
      30        7 1    
      16       19 1    
      16       27 1    
      14       28 1    
      14       15 1    
      14       27 1    
      14       31 1    
      14       13 1    
      14        3 1    
      14       20 1    
       1       28 1    
       1        3 1    
       1       21 1    
       1       16 1    
       1       31 1    
       1       12 1    
      19       18 1    
      31       28 1    
      31        2 1    
       8       15 1    
       8       16 1    
       8        3 1    
       8       13 1    
       8        1 1    
      27       20 1    
      26       21 1    
      26       16 1    
      17       32 1    
      17       12 1    
      17        5 1    
      12       16 1    
      12       11 1    
      24       19 1    
      24       12 1    
       2       16 1    
       2       27 1    
       2       15 1    
       6       11 1    
       6       17 1    
       6       12 1    
      25       11 1    
      25       27 1    
      25       14 1    
       7        8 1    
       7       14 1    
      18       28 1    
      18       13 1    
      18       15 1    
      28       27 1    
      28       16 1    
       9       27 1    
       9       31 1    
       9       12 1    
       9       18 1    
       9       28 1    
       9       29 1    
      22       31 1    
      22       16 1    
      22       18 1    
      22       15 1    
      22        1 1    
      11        8 1    
      11       10 1    
      11       17 1    
       3       31 1    
       3       27 1    
       3       23 1    
       3        5 1    
      13       29 1    
      13       16 1    
      13        1 1    
      13       31 1    
      13        2 1    
      13       15 1    
       5       10 1    
       5       12 1    
      10        8 1    
      10       17 1    
      10       12 1    
      10        6 1    
      23       30 1    
      23       19 1    
       4       19 1    
       4       24 1    
      32        1 1    
      32        2 1    
      32       14 1    
      29       19 1    
      29       24 1    
      21       16 1    
      16       15 1    
      14        9 1    
      14        2 1    
      14        1 1    
       1        2 1    
       1       15 1    
      31       27 1    
      31       15 1    
       8       17 1    
      27       15 1    
      27       12 1    
      23       26 1    
      30       26 1    
       3       12 1    
       5        6 1    
      15       28 1    
      11        7 1    
      17        7 1    
       6        7 1    
      10        7 1    
      24       18 1    
       4       18 1    
       2       28 1    
      32       28 1    
       9       22 1    
      14       22 1    
      27       22 1    
      12       22 1    
       8       11 1    
      10       11 1    
      17       11 1    
      31        3 1    
      27        3 1    
      23        3 1    
       5        3 1    
      29       13 1    
      16       13 1    
       1       13 1    
      31       13 1    
       2       13 1    
      15       13 1    
      10        5 1    
      12        5 1    
       8       10 1    
      17       10 1    
      12       10 1    
       6       10 1    
      30       23 1    
      19       23 1    
      19        4 1    
      24        4 1    
       1       32 1    
       2       32 1    
      14       32 1    
      19       29 1    
      24       29 1    
      16       21 1    
      15       16 1    
       9       14 1    
       2       14 1    
       1       14 1    
       2        1 1    
      15        1 1    
      27       31 1    
      15       31 1    
      17        8 1    
      15       27 1    
      12       27 1    
      26       23 1    
      26       30 1    
      12        3 1    
       6        5 1    
      28       15 1    
       7       11 1    
       7       17 1    
       7        6 1    
       7       10 1    
      18       24 1    
      18        4 1    
      28        2 1    
      28       32 1    
      22        9 1    
      22       14 1    
      22       27 1    
      22       12 1    