      11        8 1  
       3       31 1  
       3       27 1  
      13        1 1  
      13       15 1  
      13       16 1  
      13       27 1  
      13       31 1  
       5       12 1  
      10       11 1  
      10        6 1  
      23       26 1  
       4       19 1  
       4       18 1  
      32        1 1  
      32       13 1  
      32        2 1  
      32       28 1  
      29       13 1  
      21       16 1  
      30        3 1  
      30       23 1  
      30       21 1  
      30       16 1  
      30       31 1  
      30       27 1  
      30       26 1  
      16       21 1  
      14       22 1  
      14        9 1  
       1       32 1  
       1       28 1  
       1       14 1  
       1       13 1  
      31        3 1  
      31       27 1  
       8       11 1  
      27       20 1  
      27       31 1  
      27        3 1  
      26       23 1  
      26       21 1  
      26       30 1  
      26       16 1  
      17       10 1  
      17       11 1  
      12        5 1  
      24       18 1  
      24        4 1  
       2       28 1  
       2       32 1  
       2        1 1  
       2       13 1  
       6       10 1  
       6       12 1  
       6        5 1  
       6       11 1  
       6       21 1  
      15       13 1  
      15       28 1  
      25       11 1  
      25       27 1  
      25       14 1  
       7       27 1  
       7       11 1  
       7       10 1  
      18       24 1  
      18        4 1  
      28        2 1  
      28       15 1  
       9       22 1  
       9       14 1  
       9       12 1  
       9       31 1  
       9       27 1  
      22        9 1  
      22       14 1  
      22        1 1  
      22       12 1  
      22       27 1  
      20       22 1  
      20       28 1  
      20       15 1  
      20        2 1  
      20       12 1  
      20       26 1  
      20       27 1  
      20       21 1  
      20       16 1  
      20       23 1  