      11        8 1  
      11       10 1  
       3       31 1  
       3       27 1  
      13        1 1  
       5       12 1  
      10        6 1  
      10       11 1  
      23       26 1  
       4       18 1  
       4       19 1  
      32        1 1  
      32       28 1  
      32        2 1  
      29       13 1  
      29       24 1  
      21       16 1  
      30       31 1  
      16       21 1  
      14       22 1  
      14        9 1  
       1       32 1  
       1       13 1  
       1       28 1  
      31        3 1  
      31       27 1  
       8       11 1  
      27       20 1  
      27       31 1  
      27        3 1  
      26       23 1  
      26       21 1  
      17       10 1  
      12        5 1  
      24       18 1  
      24       13 1  
       2       28 1  
       2        1 1  
       2       32 1  
       6       10 1  
       6       11 1  
       6        5 1  
      15       28 1  
      25       11 1  
      25       27 1  
      25       14 1  
       7       11 1  
       7       10 1  
       7        8 1  
      18       24 1  
      18        4 1  
      28        2 1  
      28        1 1  
       9       22 1  
       9       14 1  
       9       12 1  
      22        9 1  
      22       14 1  
      22       31 1  
      20       27 1  
      20        6 1  